N0 = 7183758.50000694950000
E0 = 677679.56199290091000
