Letra 1:


I1 =

    0.0154


I2 =

 -7.4532e-007


I3 =

 -1.1494e-004

Letra 2:

I1 =

    0.0154


I2 =

 -7.5180e-007


I3 =

 -1.1548e-004

Letra 3:


I1 =

    0.0154


I2 =

 -7.4917e-007


I3 =

 -1.1534e-004
